atom 1
      1 0
 S   3 1.00       0.000000000000
      0.2227660584D+01  0.1543289673D+00
      0.4057711562D+00  0.5353281423D+00
      0.1098175104D+00  0.4446345422D+00
 S   1 1.00       0.000000000000
      0.2709498091D+00  0.1000000000D+01
 ****
atom 2
      1 0
 S   3 1.00       0.000000000000
      0.2227660584D+01  0.1543289673D+00
      0.4057711562D+00  0.5353281423D+00
      0.1098175104D+00  0.4446345422D+00
 S   1 1.00       0.000000000000
      0.2709498091D+00  0.1000000000D+01
 ****
atom 3
      1 0
 S   6 1.00       0.000000000000
      0.2310303149D+02  0.9163596281D-02
      0.4235915534D+01  0.4936149294D-01
      0.1185056519D+01  0.1685383049D+00
      0.4070988982D+00  0.3705627997D+00
      0.1580884151D+00  0.4164915298D+00
      0.6510953954D-01  0.1303340841D+00
 S   3 1.00       0.000000000000
      0.2581578398D+01 -0.5994474934D-01
      0.1567622104D+00  0.5960385398D+00
      0.6018332272D-01  0.4581786291D+00
 S   1 1.00       0.000000000000
      0.1012151084D+00  0.1000000000D+01
 ****
atom 4
      1 0
 S   6 1.00       0.000000000000
      0.2310303149D+02  0.9163596281D-02
      0.4235915534D+01  0.4936149294D-01
      0.1185056519D+01  0.1685383049D+00
      0.4070988982D+00  0.3705627997D+00
      0.1580884151D+00  0.4164915298D+00
      0.6510953954D-01  0.1303340841D+00
 S   3 1.00       0.000000000000
      0.2581578398D+01 -0.5994474934D-01
      0.1567622104D+00  0.5960385398D+00
      0.6018332272D-01  0.4581786291D+00
 S   1 1.00       0.000000000000
      0.1012151084D+00  0.1000000000D+01
 ****
atom 5
      1 0
 S   6 1.00       0.000000000000
      0.2310303149D+02  0.9163596281D-02
      0.4235915534D+01  0.4936149294D-01
      0.1185056519D+01  0.1685383049D+00
      0.4070988982D+00  0.3705627997D+00
      0.1580884151D+00  0.4164915298D+00
      0.6510953954D-01  0.1303340841D+00
 S   3 1.00       0.000000000000
      0.2581578398D+01 -0.5994474934D-01
      0.1567622104D+00  0.5960385398D+00
      0.6018332272D-01  0.4581786291D+00
 S   1 1.00       0.000000000000
      0.1012151084D+00  0.1000000000D+01
 P   3 1.00       0.000000000000
      0.9192379002D+00  0.1623948553D+00
      0.2359194503D+00  0.5661708862D+00
      0.8009805746D-01  0.4223071752D+00
 P   1 1.00       0.000000000000
      0.1759666885D+00  0.1000000000D+01
 ****
atom 6
      1 0
 S   6 1.00       0.000000000000
      0.2310303149D+02  0.9163596281D-02
      0.4235915534D+01  0.4936149294D-01
      0.1185056519D+01  0.1685383049D+00
      0.4070988982D+00  0.3705627997D+00
      0.1580884151D+00  0.4164915298D+00
      0.6510953954D-01  0.1303340841D+00
 S   3 1.00       0.000000000000
      0.2581578398D+01 -0.5994474934D-01
      0.1567622104D+00  0.5960385398D+00
      0.6018332272D-01  0.4581786291D+00
 S   1 1.00       0.000000000000
      0.1012151084D+00  0.1000000000D+01
 P   3 1.00       0.000000000000
      0.9192379002D+00  0.1623948553D+00
      0.2359194503D+00  0.5661708862D+00
      0.8009805746D-01  0.4223071752D+00
 P   1 1.00       0.000000000000
      0.1759666885D+00  0.1000000000D+01
 ****
atom 7
      1 0
 S   6 1.00       0.000000000000
      0.2310303149D+02  0.9163596281D-02
      0.4235915534D+01  0.4936149294D-01
      0.1185056519D+01  0.1685383049D+00
      0.4070988982D+00  0.3705627997D+00
      0.1580884151D+00  0.4164915298D+00
      0.6510953954D-01  0.1303340841D+00
 S   3 1.00       0.000000000000
      0.2581578398D+01 -0.5994474934D-01
      0.1567622104D+00  0.5960385398D+00
      0.6018332272D-01  0.4581786291D+00
 S   1 1.00       0.000000000000
      0.1012151084D+00  0.1000000000D+01
 P   3 1.00       0.000000000000
      0.9192379002D+00  0.1623948553D+00
      0.2359194503D+00  0.5661708862D+00
      0.8009805746D-01  0.4223071752D+00
 P   1 1.00       0.000000000000
      0.1759666885D+00  0.1000000000D+01
 ****
atom 8
      1 0
 S   6 1.00       0.000000000000
      0.2310303149D+02  0.9163596281D-02
      0.4235915534D+01  0.4936149294D-01
      0.1185056519D+01  0.1685383049D+00
      0.4070988982D+00  0.3705627997D+00
      0.1580884151D+00  0.4164915298D+00
      0.6510953954D-01  0.1303340841D+00
 S   3 1.00       0.000000000000
      0.2581578398D+01 -0.5994474934D-01
      0.1567622104D+00  0.5960385398D+00
      0.6018332272D-01  0.4581786291D+00
 S   1 1.00       0.000000000000
      0.1012151084D+00  0.1000000000D+01
 P   3 1.00       0.000000000000
      0.9192379002D+00  0.1623948553D+00
      0.2359194503D+00  0.5661708862D+00
      0.8009805746D-01  0.4223071752D+00
 P   1 1.00       0.000000000000
      0.1759666885D+00  0.1000000000D+01
 ****
atom 9
      1 0
 S   6 1.00       0.000000000000
      0.2310303149D+02  0.9163596281D-02
      0.4235915534D+01  0.4936149294D-01
      0.1185056519D+01  0.1685383049D+00
      0.4070988982D+00  0.3705627997D+00
      0.1580884151D+00  0.4164915298D+00
      0.6510953954D-01  0.1303340841D+00
 S   3 1.00       0.000000000000
      0.2581578398D+01 -0.5994474934D-01
      0.1567622104D+00  0.5960385398D+00
      0.6018332272D-01  0.4581786291D+00
 S   1 1.00       0.000000000000
      0.1012151084D+00  0.1000000000D+01
 P   3 1.00       0.000000000000
      0.9192379002D+00  0.1623948553D+00
      0.2359194503D+00  0.5661708862D+00
      0.8009805746D-01  0.4223071752D+00
 P   1 1.00       0.000000000000
      0.1759666885D+00  0.1000000000D+01
 ****
atom 10
      1 0
 S   6 1.00       0.000000000000
      0.2310303149D+02  0.9163596281D-02
      0.4235915534D+01  0.4936149294D-01
      0.1185056519D+01  0.1685383049D+00
      0.4070988982D+00  0.3705627997D+00
      0.1580884151D+00  0.4164915298D+00
      0.6510953954D-01  0.1303340841D+00
 S   3 1.00       0.000000000000
      0.2581578398D+01 -0.5994474934D-01
      0.1567622104D+00  0.5960385398D+00
      0.6018332272D-01  0.4581786291D+00
 S   1 1.00       0.000000000000
      0.1012151084D+00  0.1000000000D+01
 P   3 1.00       0.000000000000
      0.9192379002D+00  0.1623948553D+00
      0.2359194503D+00  0.5661708862D+00
      0.8009805746D-01  0.4223071752D+00
 P   1 1.00       0.000000000000
      0.1759666885D+00  0.1000000000D+01
 ****
atom 11
      1 0
 S   6 1.00       0.000000000000
      0.2310303149D+02  0.9163596281D-02
      0.4235915534D+01  0.4936149294D-01
      0.1185056519D+01  0.1685383049D+00
      0.4070988982D+00  0.3705627997D+00
      0.1580884151D+00  0.4164915298D+00
      0.6510953954D-01  0.1303340841D+00
 S   6 1.00       0.000000000000
      0.2768496241D+02 -0.4151277819D-02
      0.5077140627D+01 -0.2067024148D-01
      0.1426786050D+01 -0.5150303337D-01
      0.2040335729D+00  0.3346271174D+00
      0.9260298399D-01  0.5621061301D+00
      0.4416183978D-01  0.1712994697D+00
 S   3 1.00       0.000000000000
      0.5641487709D+00 -0.1782577972D+00
      0.6924421391D-01  0.8612761663D+00
      0.3269529097D-01  0.2261841969D+00
 S   1 1.00       0.000000000000
      0.5296881757D-01  0.1000000000D+01
 P   6 1.00       0.000000000000
      0.5868285913D+01  0.7924233646D-02
      0.1530329631D+01  0.5144104825D-01
      0.5475665231D+00  0.1898400060D+00
      0.2288932733D+00  0.4049863191D+00
      0.1046655969D+00  0.4012362861D+00
      0.4948220127D-01  0.1051855189D+00
 ****
atom 12
      1 0
 S   6 1.00       0.000000000000
      0.2310303149D+02  0.9163596281D-02
      0.4235915534D+01  0.4936149294D-01
      0.1185056519D+01  0.1685383049D+00
      0.4070988982D+00  0.3705627997D+00
      0.1580884151D+00  0.4164915298D+00
      0.6510953954D-01  0.1303340841D+00
 S   6 1.00       0.000000000000
      0.2768496241D+02 -0.4151277819D-02
      0.5077140627D+01 -0.2067024148D-01
      0.1426786050D+01 -0.5150303337D-01
      0.2040335729D+00  0.3346271174D+00
      0.9260298399D-01  0.5621061301D+00
      0.4416183978D-01  0.1712994697D+00
 S   3 1.00       0.000000000000
      0.5641487709D+00 -0.1782577972D+00
      0.6924421391D-01  0.8612761663D+00
      0.3269529097D-01  0.2261841969D+00
 S   1 1.00       0.000000000000
      0.5296881757D-01  0.1000000000D+01
 P   6 1.00       0.000000000000
      0.5868285913D+01  0.7924233646D-02
      0.1530329631D+01  0.5144104825D-01
      0.5475665231D+00  0.1898400060D+00
      0.2288932733D+00  0.4049863191D+00
      0.1046655969D+00  0.4012362861D+00
      0.4948220127D-01  0.1051855189D+00
 ****
atom 13
      1 0
 S   6 1.00       0.000000000000
      0.2310303149D+02  0.9163596281D-02
      0.4235915534D+01  0.4936149294D-01
      0.1185056519D+01  0.1685383049D+00
      0.4070988982D+00  0.3705627997D+00
      0.1580884151D+00  0.4164915298D+00
      0.6510953954D-01  0.1303340841D+00
 S   6 1.00       0.000000000000
      0.2768496241D+02 -0.4151277819D-02
      0.5077140627D+01 -0.2067024148D-01
      0.1426786050D+01 -0.5150303337D-01
      0.2040335729D+00  0.3346271174D+00
      0.9260298399D-01  0.5621061301D+00
      0.4416183978D-01  0.1712994697D+00
 S   3 1.00       0.000000000000
      0.5641487709D+00 -0.1782577972D+00
      0.6924421391D-01  0.8612761663D+00
      0.3269529097D-01  0.2261841969D+00
 S   1 1.00       0.000000000000
      0.5296881757D-01  0.1000000000D+01
 P   6 1.00       0.000000000000
      0.5868285913D+01  0.7924233646D-02
      0.1530329631D+01  0.5144104825D-01
      0.5475665231D+00  0.1898400060D+00
      0.2288932733D+00  0.4049863191D+00
      0.1046655969D+00  0.4012362861D+00
      0.4948220127D-01  0.1051855189D+00
 P   3 1.00       0.000000000000
      0.2692880368D+01 -0.1061945788D-01
      0.1489359592D+00  0.5218564264D+00
      0.5739585040D-01  0.5450015143D+00
 P   1 1.00       0.000000000000
      0.9113614253D-01  0.1000000000D+01
 ****
atom 14
      1 0
 S   6 1.00       0.000000000000
      0.2310303149D+02  0.9163596281D-02
      0.4235915534D+01  0.4936149294D-01
      0.1185056519D+01  0.1685383049D+00
      0.4070988982D+00  0.3705627997D+00
      0.1580884151D+00  0.4164915298D+00
      0.6510953954D-01  0.1303340841D+00
 S   6 1.00       0.000000000000
      0.2768496241D+02 -0.4151277819D-02
      0.5077140627D+01 -0.2067024148D-01
      0.1426786050D+01 -0.5150303337D-01
      0.2040335729D+00  0.3346271174D+00
      0.9260298399D-01  0.5621061301D+00
      0.4416183978D-01  0.1712994697D+00
 S   3 1.00       0.000000000000
      0.5641487709D+00 -0.1782577972D+00
      0.6924421391D-01  0.8612761663D+00
      0.3269529097D-01  0.2261841969D+00
 S   1 1.00       0.000000000000
      0.5296881757D-01  0.1000000000D+01
 P   6 1.00       0.000000000000
      0.5868285913D+01  0.7924233646D-02
      0.1530329631D+01  0.5144104825D-01
      0.5475665231D+00  0.1898400060D+00
      0.2288932733D+00  0.4049863191D+00
      0.1046655969D+00  0.4012362861D+00
      0.4948220127D-01  0.1051855189D+00
 P   3 1.00       0.000000000000
      0.2692880368D+01 -0.1061945788D-01
      0.1489359592D+00  0.5218564264D+00
      0.5739585040D-01  0.5450015143D+00
 P   1 1.00       0.000000000000
      0.9113614253D-01  0.1000000000D+01
 ****
atom 15
      1 0
 S   6 1.00       0.000000000000
      0.2310303149D+02  0.9163596281D-02
      0.4235915534D+01  0.4936149294D-01
      0.1185056519D+01  0.1685383049D+00
      0.4070988982D+00  0.3705627997D+00
      0.1580884151D+00  0.4164915298D+00
      0.6510953954D-01  0.1303340841D+00
 S   6 1.00       0.000000000000
      0.2768496241D+02 -0.4151277819D-02
      0.5077140627D+01 -0.2067024148D-01
      0.1426786050D+01 -0.5150303337D-01
      0.2040335729D+00  0.3346271174D+00
      0.9260298399D-01  0.5621061301D+00
      0.4416183978D-01  0.1712994697D+00
 S   3 1.00       0.000000000000
      0.5641487709D+00 -0.1782577972D+00
      0.6924421391D-01  0.8612761663D+00
      0.3269529097D-01  0.2261841969D+00
 S   1 1.00       0.000000000000
      0.5296881757D-01  0.1000000000D+01
 P   6 1.00       0.000000000000
      0.5868285913D+01  0.7924233646D-02
      0.1530329631D+01  0.5144104825D-01
      0.5475665231D+00  0.1898400060D+00
      0.2288932733D+00  0.4049863191D+00
      0.1046655969D+00  0.4012362861D+00
      0.4948220127D-01  0.1051855189D+00
 P   3 1.00       0.000000000000
      0.2692880368D+01 -0.1061945788D-01
      0.1489359592D+00  0.5218564264D+00
      0.5739585040D-01  0.5450015143D+00
 P   1 1.00       0.000000000000
      0.9113614253D-01  0.1000000000D+01
 ****
atom 16
      1 0
 S   6 1.00       0.000000000000
      0.2310303149D+02  0.9163596281D-02
      0.4235915534D+01  0.4936149294D-01
      0.1185056519D+01  0.1685383049D+00
      0.4070988982D+00  0.3705627997D+00
      0.1580884151D+00  0.4164915298D+00
      0.6510953954D-01  0.1303340841D+00
 S   6 1.00       0.000000000000
      0.2768496241D+02 -0.4151277819D-02
      0.5077140627D+01 -0.2067024148D-01
      0.1426786050D+01 -0.5150303337D-01
      0.2040335729D+00  0.3346271174D+00
      0.9260298399D-01  0.5621061301D+00
      0.4416183978D-01  0.1712994697D+00
 S   3 1.00       0.000000000000
      0.5641487709D+00 -0.1782577972D+00
      0.6924421391D-01  0.8612761663D+00
      0.3269529097D-01  0.2261841969D+00
 S   1 1.00       0.000000000000
      0.5296881757D-01  0.1000000000D+01
 P   6 1.00       0.000000000000
      0.5868285913D+01  0.7924233646D-02
      0.1530329631D+01  0.5144104825D-01
      0.5475665231D+00  0.1898400060D+00
      0.2288932733D+00  0.4049863191D+00
      0.1046655969D+00  0.4012362861D+00
      0.4948220127D-01  0.1051855189D+00
 P   3 1.00       0.000000000000
      0.2692880368D+01 -0.1061945788D-01
      0.1489359592D+00  0.5218564264D+00
      0.5739585040D-01  0.5450015143D+00
 P   1 1.00       0.000000000000
      0.9113614253D-01  0.1000000000D+01
 ****
atom 17
      1 0
 S   6 1.00       0.000000000000
      0.2310303149D+02  0.9163596281D-02
      0.4235915534D+01  0.4936149294D-01
      0.1185056519D+01  0.1685383049D+00
      0.4070988982D+00  0.3705627997D+00
      0.1580884151D+00  0.4164915298D+00
      0.6510953954D-01  0.1303340841D+00
 S   6 1.00       0.000000000000
      0.2768496241D+02 -0.4151277819D-02
      0.5077140627D+01 -0.2067024148D-01
      0.1426786050D+01 -0.5150303337D-01
      0.2040335729D+00  0.3346271174D+00
      0.9260298399D-01  0.5621061301D+00
      0.4416183978D-01  0.1712994697D+00
 S   3 1.00       0.000000000000
      0.5641487709D+00 -0.1782577972D+00
      0.6924421391D-01  0.8612761663D+00
      0.3269529097D-01  0.2261841969D+00
 S   1 1.00       0.000000000000
      0.5296881757D-01  0.1000000000D+01
 P   6 1.00       0.000000000000
      0.5868285913D+01  0.7924233646D-02
      0.1530329631D+01  0.5144104825D-01
      0.5475665231D+00  0.1898400060D+00
      0.2288932733D+00  0.4049863191D+00
      0.1046655969D+00  0.4012362861D+00
      0.4948220127D-01  0.1051855189D+00
 P   3 1.00       0.000000000000
      0.2692880368D+01 -0.1061945788D-01
      0.1489359592D+00  0.5218564264D+00
      0.5739585040D-01  0.5450015143D+00
 P   1 1.00       0.000000000000
      0.9113614253D-01  0.1000000000D+01
 ****
atom 18
      1 0
 S   6 1.00       0.000000000000
      0.2310303149D+02  0.9163596281D-02
      0.4235915534D+01  0.4936149294D-01
      0.1185056519D+01  0.1685383049D+00
      0.4070988982D+00  0.3705627997D+00
      0.1580884151D+00  0.4164915298D+00
      0.6510953954D-01  0.1303340841D+00
 S   6 1.00       0.000000000000
      0.2768496241D+02 -0.4151277819D-02
      0.5077140627D+01 -0.2067024148D-01
      0.1426786050D+01 -0.5150303337D-01
      0.2040335729D+00  0.3346271174D+00
      0.9260298399D-01  0.5621061301D+00
      0.4416183978D-01  0.1712994697D+00
 S   3 1.00       0.000000000000
      0.5641487709D+00 -0.1782577972D+00
      0.6924421391D-01  0.8612761663D+00
      0.3269529097D-01  0.2261841969D+00
 S   1 1.00       0.000000000000
      0.5296881757D-01  0.1000000000D+01
 P   6 1.00       0.000000000000
      0.5868285913D+01  0.7924233646D-02
      0.1530329631D+01  0.5144104825D-01
      0.5475665231D+00  0.1898400060D+00
      0.2288932733D+00  0.4049863191D+00
      0.1046655969D+00  0.4012362861D+00
      0.4948220127D-01  0.1051855189D+00
 P   3 1.00       0.000000000000
      0.2692880368D+01 -0.1061945788D-01
      0.1489359592D+00  0.5218564264D+00
      0.5739585040D-01  0.5450015143D+00
 P   1 1.00       0.000000000000
      0.9113614253D-01  0.1000000000D+01
 ****
