24.636750418367917
4.976953757269219
1.117816131536557
0.42399840418295487
0.16256730579366252
0.054622408664467374
2.6525931512859464
0.19681601827250508
0.4600503513729789
0.9387922917398691
0.23166288188104364
0.11217308304811775
0.07101448653902473
0.14913411803129734
0.12563305625066604
0.18376194682074082
0.013820295900998248
0.43381084764069294
0.4109799724351268
0.06836632245682933
-0.023492397912922573
0.5306737192825738
0.4223392964191036
0.32993608377564404
0.5466804524243447
0.43319019312058776
